0 0.2877604166666667 0.2853860294117647 0.025520833333333333 0.09650735294117647
0 0.3268229166666667 0.38924632352941174 0.049479166666666664 0.057904411764705885
0 0.3731770833333333 0.4186580882352941 0.0359375 0.08547794117647059
0 0.6692708333333334 0.5877757352941176 0.036458333333333336 0.09650735294117647
0 0.8572916666666667 0.36213235294117646 0.029166666666666667 0.09191176470588236
0 0.9424479166666667 0.5606617647058824 0.028645833333333332 0.0900735294117647
0 0.2877604166666667 0.2853860294117647 0.025520833333333333 0.09650735294117647
0 0.3268229166666667 0.38924632352941174 0.049479166666666664 0.057904411764705885
0 0.3731770833333333 0.4186580882352941 0.0359375 0.08547794117647059
0 0.6692708333333334 0.5877757352941176 0.036458333333333336 0.09650735294117647
0 0.71015625 0.6351102941176471 0.0265625 0.10110294117647059
0 0.8572916666666667 0.36213235294117646 0.029166666666666667 0.09191176470588236
0 0.9424479166666667 0.5606617647058824 0.028645833333333332 0.0900735294117647