0 0.024739583333333332 0.44806985294117646 0.0171875 0.08363970588235294
0 0.00703125 0.4085477941176471 0.008854166666666666 0.05422794117647059
0 0.06848958333333334 0.3805147058823529 0.0234375 0.07352941176470588
0 0.11822916666666666 0.1948529411764706 0.022916666666666665 0.0625
0 0.21848958333333332 0.4719669117647059 0.0171875 0.07996323529411764
0 0.3171875 0.22886029411764705 0.03333333333333333 0.042279411764705885
0 0.3875 0.33088235294117646 0.030208333333333334 0.0625
0 0.4765625 0.3947610294117647 0.025 0.10018382352941177
0 0.6580729166666667 0.46231617647058826 0.019270833333333334 0.04779411764705882
0 0.66953125 0.31893382352941174 0.022395833333333334 0.027573529411764705
0 0.75625 0.4296875 0.020833333333333332 0.06893382352941177
0 0.8067708333333333 0.5482536764705882 0.01875 0.13694852941176472
0 0.828125 0.4880514705882353 0.026041666666666668 0.09191176470588236
0 0.82578125 0.5859375 0.013020833333333334 0.05606617647058824
0 0.8440104166666667 0.5202205882352942 0.011979166666666667 0.07904411764705882
0 0.8692708333333333 0.4296875 0.019791666666666666 0.07996323529411764
0 0.91796875 0.4453125 0.0203125 0.07996323529411764