0 0.053385416666666664 0.38235294117647056 0.0171875 0.04963235294117647
0 0.0875 0.4568014705882353 0.019791666666666666 0.07720588235294118
0 0.11484375 0.5170036764705882 0.022395833333333334 0.0744485294117647
0 0.10703125 0.4163602941176471 0.015104166666666667 0.06801470588235294
0 0.13177083333333334 0.42463235294117646 0.017708333333333333 0.08272058823529412
0 0.15885416666666666 0.35753676470588236 0.03125 0.07720588235294118
0 0.16041666666666668 0.4572610294117647 0.022916666666666665 0.09650735294117647
0 0.2559895833333333 0.3635110294117647 0.0203125 0.08363970588235294
0 0.21875 0.18060661764705882 0.019791666666666666 0.05974264705882353
0 0.30026041666666664 0.3727022058823529 0.03697916666666667 0.10018382352941177
0 0.37604166666666666 0.30652573529411764 0.019791666666666666 0.04871323529411765
0 0.40677083333333336 0.36443014705882354 0.01875 0.046875
0 0.4231770833333333 0.20404411764705882 0.025520833333333333 0.07352941176470588
0 0.49140625 0.44485294117647056 0.044270833333333336 0.13602941176470587
0 0.6182291666666667 0.4273897058823529 0.030208333333333334 0.05330882352941176
0 0.7296875 0.5082720588235294 0.030208333333333334 0.08088235294117647
0 0.7119791666666667 0.5422794117647058 0.017708333333333333 0.09191176470588236
0 0.8252604166666667 0.5431985294117647 0.018229166666666668 0.05514705882352941
0 0.8716145833333333 0.4724264705882353 0.0171875 0.058823529411764705
0 0.9161458333333333 0.5500919117647058 0.016666666666666666 0.05974264705882353
0 0.5864583333333333 0.47058823529411764 0.028125 0.08639705882352941
0 0.5611979166666666 0.3616727941176471 0.018229166666666668 0.03952205882352941