0 0.06015625 0.3828125 0.018229166666666668 0.05974264705882353
0 0.10911458333333333 0.22886029411764705 0.019270833333333334 0.0661764705882353
0 0.15807291666666667 0.24402573529411764 0.018229166666666668 0.06341911764705882
0 0.17604166666666668 0.23575367647058823 0.016666666666666666 0.06893382352941177
0 0.20364583333333333 0.27297794117647056 0.029166666666666667 0.07720588235294118
0 0.22760416666666666 0.3396139705882353 0.016666666666666666 0.05974264705882353
0 0.24036458333333333 0.20496323529411764 0.0140625 0.051470588235294115
0 0.2598958333333333 0.23023897058823528 0.016666666666666666 0.057904411764705885
0 0.2596354166666667 0.39797794117647056 0.0171875 0.05330882352941176
0 0.3109375 0.4476102941176471 0.026041666666666668 0.05698529411764706
0 0.36041666666666666 0.3474264705882353 0.01875 0.06066176470588235
0 0.4127604166666667 0.4172794117647059 0.022395833333333334 0.08455882352941177
0 0.43463541666666666 0.3795955882352941 0.018229166666666668 0.0625
0 0.5979166666666667 0.3837316176470588 0.020833333333333332 0.09099264705882353
0 0.78671875 0.45818014705882354 0.028645833333333332 0.140625
0 0.7466145833333333 0.5096507352941176 0.011979166666666667 0.06525735294117647
0 0.89921875 0.4186580882352941 0.0203125 0.07996323529411764
0 0.8966145833333333 0.3492647058823529 0.016145833333333335 0.05698529411764706
0 0.9442708333333333 0.3290441176470588 0.017708333333333333 0.07352941176470588
0 0.9809895833333333 0.3023897058823529 0.015104166666666667 0.04963235294117647
0 0.9776041666666667 0.35294117647058826 0.027083333333333334 0.07352941176470588