0 0.02421875 0.40808823529411764 0.018229166666666668 0.06801470588235294
0 0.06614583333333333 0.35431985294117646 0.011458333333333333 0.057904411764705885
0 0.15651041666666668 0.3717830882352941 0.0203125 0.09466911764705882
0 0.33489583333333334 0.39797794117647056 0.020833333333333332 0.08823529411764706
0 0.35494791666666664 0.45358455882352944 0.0265625 0.09283088235294118
0 0.47630208333333335 0.2922794117647059 0.025520833333333333 0.07536764705882353
0 0.5125 0.27987132352941174 0.01875 0.06158088235294118
0 0.52109375 0.35983455882352944 0.021354166666666667 0.08363970588235294
0 0.6036458333333333 0.2509191176470588 0.027083333333333334 0.0900735294117647
0 0.6518229166666667 0.27068014705882354 0.0234375 0.0744485294117647
0 0.6736979166666667 0.28400735294117646 0.019270833333333334 0.05698529411764706
0 0.8401041666666667 0.3547794117647059 0.025 0.04963235294117647
0 0.8861979166666667 0.4540441176470588 0.024479166666666666 0.10294117647058823
0 0.6609375 0.22472426470588236 0.01875 0.057904411764705885