0 0.9760416666666667 0.38556985294117646 0.011458333333333333 0.021139705882352942
0 0.95625 0.3947610294117647 0.019791666666666666 0.0744485294117647
0 0.9106770833333333 0.38235294117647056 0.018229166666666668 0.05698529411764706
0 0.9231770833333334 0.3400735294117647 0.018229166666666668 0.034926470588235295
0 0.9497395833333333 0.203125 0.015104166666666667 0.04044117647058824
0 0.6828125 0.3014705882352941 0.03333333333333333 0.04595588235294118
0 0.6671875 0.24034926470588236 0.019791666666666666 0.07261029411764706
0 0.6520833333333333 0.28400735294117646 0.013541666666666667 0.042279411764705885
0 0.6627604166666666 0.15854779411764705 0.0203125 0.05422794117647059
0 0.7463541666666667 0.32628676470588236 0.021875 0.04779411764705882
0 0.5893229166666667 0.25183823529411764 0.022395833333333334 0.09558823529411764
0 0.5268229166666667 0.3010110294117647 0.0203125 0.08363970588235294
0 0.5309895833333333 0.25919117647058826 0.0171875 0.04411764705882353
0 0.5020833333333333 0.20634191176470587 0.034375 0.046875
0 0.5651041666666666 0.15992647058823528 0.015625 0.034926470588235295
0 0.4395833333333333 0.3662683823529412 0.020833333333333332 0.04136029411764706
0 0.7856770833333333 0.3639705882352941 0.013020833333333334 0.029411764705882353
0 0.32890625 0.2624080882352941 0.019270833333333334 0.021139705882352942
0 0.25677083333333334 0.20220588235294118 0.019791666666666666 0.025735294117647058
0 0.24296875 0.24586397058823528 0.021354166666666667 0.03768382352941176
0 0.21302083333333333 0.3322610294117647 0.0125 0.03952205882352941
0 0.16067708333333333 0.2890625 0.018229166666666668 0.043198529411764705
0 0.12630208333333334 0.33088235294117646 0.0109375 0.03860294117647059
0 0.10026041666666667 0.2421875 0.0140625 0.02665441176470588