0 0.9260416666666667 0.35340073529411764 0.022916666666666665 0.03952205882352941
0 0.91015625 0.2991727941176471 0.0171875 0.057904411764705885
0 0.9067708333333333 0.23621323529411764 0.0125 0.029411764705882353
0 0.8723958333333334 0.31204044117647056 0.028125 0.08363970588235294
0 0.8869791666666667 0.35340073529411764 0.019791666666666666 0.03768382352941176
0 0.8200520833333333 0.35018382352941174 0.022395833333333334 0.07352941176470588
0 0.7997395833333333 0.2624080882352941 0.025520833333333333 0.04503676470588235
0 0.8109375 0.3037683823529412 0.0125 0.030330882352941176
0 0.5106770833333333 0.3460477941176471 0.0109375 0.07261029411764706
0 0.4513020833333333 0.30606617647058826 0.025520833333333333 0.05698529411764706
0 0.41328125 0.3239889705882353 0.0140625 0.07628676470588236
0 0.40651041666666665 0.19669117647058823 0.0140625 0.034926470588235295
0 0.37161458333333336 0.23575367647058823 0.028645833333333332 0.03400735294117647
0 0.16197916666666667 0.2348345588235294 0.019791666666666666 0.07077205882352941
0 0.11119791666666666 0.2936580882352941 0.011979166666666667 0.04503676470588235
0 0.04348958333333333 0.2679227941176471 0.018229166666666668 0.035845588235294115