0 0.8966145833333333 0.5165441176470589 0.022395833333333334 0.07169117647058823
0 0.8864583333333333 0.42325367647058826 0.020833333333333332 0.043198529411764705
0 0.8348958333333333 0.48391544117647056 0.0375 0.1130514705882353
0 0.7708333333333334 0.4131433823529412 0.019791666666666666 0.04136029411764706
0 0.7747395833333334 0.2610294117647059 0.022395833333333334 0.08088235294117647
0 0.6971354166666667 0.421875 0.021354166666666667 0.08455882352941177
0 0.6270833333333333 0.4030330882352941 0.020833333333333332 0.07996323529411764
0 0.5838541666666667 0.20036764705882354 0.019791666666666666 0.06433823529411764
0 0.5348958333333333 0.3864889705882353 0.03125 0.07996323529411764
0 0.5190104166666667 0.48575367647058826 0.018229166666666668 0.10018382352941177
0 0.478125 0.5546875 0.015625 0.06893382352941177
0 0.4596354166666667 0.5556066176470589 0.016145833333333335 0.078125
0 0.44583333333333336 0.4852941176470588 0.027083333333333334 0.08272058823529412
0 0.4703125 0.44806985294117646 0.015625 0.07628676470588236
0 0.49166666666666664 0.46599264705882354 0.019791666666666666 0.0974264705882353
0 0.38697916666666665 0.3993566176470588 0.019791666666666666 0.07996323529411764
0 0.26848958333333334 0.42325367647058826 0.027604166666666666 0.043198529411764705
0 0.19348958333333333 0.3635110294117647 0.0265625 0.07628676470588236
0 0.11848958333333333 0.37316176470588236 0.024479166666666666 0.07904411764705882