0 0.10416666666666667 0.27297794117647056 0.017708333333333333 0.058823529411764705
0 0.28098958333333335 0.32536764705882354 0.0265625 0.08272058823529412
0 0.2643229166666667 0.5101102941176471 0.0234375 0.08639705882352941
0 0.29661458333333335 0.45036764705882354 0.022395833333333334 0.09375
0 0.37552083333333336 0.4885110294117647 0.022916666666666665 0.09099264705882353
0 0.4375 0.4172794117647059 0.022916666666666665 0.08823529411764706
0 0.42994791666666665 0.27619485294117646 0.0203125 0.07077205882352941
0 0.3190104166666667 0.2182904411764706 0.024479166666666666 0.0744485294117647
0 0.609375 0.5234375 0.01875 0.09099264705882353
0 0.9325520833333333 0.4586397058823529 0.0265625 0.09558823529411764
0 0.8739583333333333 0.41544117647058826 0.014583333333333334 0.06066176470588235
0 0.8377604166666667 0.4655330882352941 0.0171875 0.07996323529411764
0 0.7606770833333333 0.3897058823529412 0.03177083333333333 0.07169117647058823
0 0.71171875 0.2821691176470588 0.028645833333333332 0.034926470588235295
0 0.6546875 0.43933823529411764 0.03229166666666667 0.04411764705882353