0 0.9893229166666667 0.40625 0.015104166666666667 0.04044117647058824
0 0.9377604166666667 0.3584558823529412 0.0109375 0.029411764705882353
0 0.9114583333333334 0.3860294117647059 0.022916666666666665 0.06801470588235294
0 0.90859375 0.3239889705882353 0.016145833333333335 0.03952205882352941
0 0.8072916666666666 0.3772977941176471 0.014583333333333334 0.03400735294117647
0 0.7791666666666667 0.39338235294117646 0.023958333333333335 0.0900735294117647
0 0.7559895833333333 0.3336397058823529 0.013020833333333334 0.025735294117647058
0 0.7091145833333333 0.36672794117647056 0.021354166666666667 0.07352941176470588
0 0.72890625 0.32077205882352944 0.019270833333333334 0.05514705882352941
0 0.76953125 0.16727941176470587 0.022395833333333334 0.07169117647058823
0 0.65390625 0.3782169117647059 0.016145833333333335 0.03952205882352941
0 0.6166666666666667 0.2647058823529412 0.028125 0.03676470588235294
0 0.5934895833333333 0.3474264705882353 0.015104166666666667 0.04044117647058824
0 0.5151041666666667 0.3258272058823529 0.027083333333333334 0.03952205882352941
0 0.4828125 0.3134191176470588 0.020833333333333332 0.042279411764705885
0 0.42473958333333334 0.30330882352941174 0.0359375 0.04963235294117647
0 0.4127604166666667 0.24816176470588236 0.021354166666666667 0.07352941176470588
0 0.4158854166666667 0.16176470588235295 0.0265625 0.0625
0 0.4388020833333333 0.22472426470588236 0.022395833333333334 0.07996323529411764
0 0.39010416666666664 0.29503676470588236 0.017708333333333333 0.04779411764705882
0 0.34869791666666666 0.2890625 0.0140625 0.043198529411764705
0 0.34296875 0.23713235294117646 0.0203125 0.03676470588235294
0 0.3697916666666667 0.23207720588235295 0.010416666666666666 0.03768382352941176
0 0.3145833333333333 0.18382352941176472 0.016666666666666666 0.03676470588235294
0 0.3234375 0.2647058823529412 0.01875 0.09191176470588236
0 0.2859375 0.28400735294117646 0.0125 0.05330882352941176
0 0.27291666666666664 0.31433823529411764 0.01875 0.08272058823529412
0 0.25390625 0.23069852941176472 0.03177083333333333 0.04595588235294118
0 0.20130208333333333 0.38419117647058826 0.0171875 0.03308823529411765
0 0.18333333333333332 0.2270220588235294 0.017708333333333333 0.03125
0 0.12005208333333334 0.28952205882352944 0.016145833333333335 0.025735294117647058
0 0.05807291666666667 0.2780330882352941 0.0265625 0.03216911764705882
0 0.040625 0.3552389705882353 0.011458333333333333 0.04136029411764706
0 0.82890625 0.4476102941176471 0.0171875 0.07720588235294118