0 0.09088541666666666 0.38235294117647056 0.0234375 0.07536764705882353
0 0.0515625 0.4227941176470588 0.014583333333333334 0.058823529411764705
0 0.18723958333333332 0.49724264705882354 0.021354166666666667 0.11948529411764706
0 0.23515625 0.4728860294117647 0.015104166666666667 0.08731617647058823
0 0.20625 0.4774816176470588 0.015625 0.09283088235294118
0 0.221875 0.46369485294117646 0.017708333333333333 0.10202205882352941
0 0.32083333333333336 0.2339154411764706 0.019791666666666666 0.057904411764705885
0 0.3763020833333333 0.2821691176470588 0.019270833333333334 0.042279411764705885
0 0.41692708333333334 0.4264705882352941 0.018229166666666668 0.05514705882352941
0 0.3703125 0.41544117647058826 0.023958333333333335 0.06801470588235294
0 0.46041666666666664 0.3327205882352941 0.014583333333333334 0.06433823529411764
0 0.50859375 0.33547794117647056 0.028645833333333332 0.06433823529411764
0 0.484375 0.3993566176470588 0.015625 0.05974264705882353
0 0.5606770833333333 0.3272058823529412 0.021354166666666667 0.08088235294117647
0 0.7114583333333333 0.5873161764705882 0.027083333333333334 0.08823529411764706
0 0.7682291666666666 0.4264705882352941 0.023958333333333335 0.08272058823529412
0 0.7729166666666667 0.3556985294117647 0.029166666666666667 0.06801470588235294
0 0.79765625 0.5606617647058824 0.0234375 0.0900735294117647
0 0.934375 0.5698529411764706 0.020833333333333332 0.051470588235294115
0 0.9627604166666667 0.5133272058823529 0.021354166666666667 0.04136029411764706