0 0.012760416666666666 0.25919117647058826 0.027604166666666666 0.09191176470588236
0 0.04505208333333333 0.27389705882352944 0.0265625 0.07169117647058823
0 0.19192708333333333 0.32536764705882354 0.024479166666666666 0.05698529411764706
0 0.26328125 0.3524816176470588 0.022395833333333334 0.06158088235294118
0 0.4635416666666667 0.45450367647058826 0.027083333333333334 0.08731617647058823
0 0.4765625 0.3786764705882353 0.026041666666666668 0.06066176470588235
0 0.5713541666666667 0.2693014705882353 0.019791666666666666 0.08272058823529412
0 0.6901041666666666 0.4172794117647059 0.019791666666666666 0.0661764705882353
0 0.7140625 0.45266544117647056 0.021875 0.05606617647058824
0 0.8015625 0.30606617647058826 0.015625 0.058823529411764705
0 0.8526041666666667 0.4375 0.016666666666666666 0.08272058823529412
0 0.8799479166666667 0.4499080882352941 0.016145833333333335 0.08547794117647059
0 0.8635416666666667 0.33869485294117646 0.016666666666666666 0.078125
0 0.8802083333333334 0.3350183823529412 0.015625 0.0818014705882353
0 0.8979166666666667 0.3524816176470588 0.023958333333333335 0.11488970588235294
0 0.95390625 0.30284926470588236 0.018229166666666668 0.06341911764705882
0 0.13307291666666668 0.3005514705882353 0.0234375 0.04779411764705882