0 0.9916666666666667 0.4568014705882353 0.0125 0.034926470588235295
0 0.9838541666666667 0.38005514705882354 0.0125 0.04503676470588235
0 0.9018229166666667 0.34558823529411764 0.0171875 0.04411764705882353
0 0.80390625 0.3134191176470588 0.016145833333333335 0.04044117647058824
0 0.740625 0.3938419117647059 0.029166666666666667 0.03216911764705882
0 0.85234375 0.32996323529411764 0.019270833333333334 0.022058823529411766
0 0.9346354166666667 0.5445772058823529 0.008854166666666666 0.04871323529411765
0 0.6169270833333333 0.13373161764705882 0.015104166666666667 0.04871323529411765
0 0.33359375 0.1948529411764706 0.015104166666666667 0.03860294117647059
0 0.25494791666666666 0.20174632352941177 0.024479166666666666 0.03768382352941176
0 0.30807291666666664 0.2702205882352941 0.0171875 0.042279411764705885
0 0.20052083333333334 0.29963235294117646 0.029166666666666667 0.058823529411764705
0 0.06380208333333333 0.25275735294117646 0.0234375 0.04963235294117647
0 0.05390625 0.41681985294117646 0.015104166666666667 0.03400735294117647