0 0.9713541666666666 0.41130514705882354 0.019791666666666666 0.03952205882352941
0 0.92578125 0.3368566176470588 0.0171875 0.02849264705882353
0 0.91484375 0.4586397058823529 0.0359375 0.04044117647058824
0 0.8953125 0.3869485294117647 0.01875 0.03676470588235294
0 0.86484375 0.36075367647058826 0.016145833333333335 0.03768382352941176
0 0.8622395833333333 0.4724264705882353 0.021354166666666667 0.058823529411764705
0 0.8080729166666667 0.40441176470588236 0.015104166666666667 0.04044117647058824
0 0.7395833333333334 0.40441176470588236 0.01875 0.04779411764705882
0 0.7 0.3092830882352941 0.019791666666666666 0.05422794117647059
0 0.5848958333333333 0.2693014705882353 0.017708333333333333 0.03676470588235294
0 0.5119791666666667 0.26700367647058826 0.026041666666666668 0.035845588235294115
0 0.4484375 0.25275735294117646 0.025 0.04779411764705882
0 0.20651041666666667 0.20680147058823528 0.015104166666666667 0.03860294117647059
0 0.23645833333333333 0.10202205882352941 0.01875 0.04044117647058824