0 0.97734375 0.4563419117647059 0.015104166666666667 0.043198529411764705
0 0.7846354166666667 0.3782169117647059 0.015104166666666667 0.03952205882352941
0 0.7416666666666667 0.27619485294117646 0.021875 0.04503676470588235
0 0.7104166666666667 0.30284926470588236 0.016666666666666666 0.024816176470588234
0 0.6247395833333333 0.30193014705882354 0.025520833333333333 0.035845588235294115
0 0.5174479166666667 0.27481617647058826 0.0203125 0.08088235294117647
0 0.4265625 0.328125 0.016666666666666666 0.06433823529411764
0 0.3770833333333333 0.26056985294117646 0.015625 0.04136029411764706
0 0.3302083333333333 0.29090073529411764 0.030208333333333334 0.043198529411764705
0 0.24921875 0.21783088235294118 0.016145833333333335 0.042279411764705885
0 0.23046875 0.27068014705882354 0.019270833333333334 0.05974264705882353
0 0.1953125 0.29044117647058826 0.019791666666666666 0.058823529411764705
0 0.18880208333333334 0.2421875 0.015104166666666667 0.02849264705882353
0 0.23151041666666666 0.3556985294117647 0.018229166666666668 0.034926470588235295
0 0.21302083333333333 0.35431985294117646 0.015625 0.02665441176470588
0 0.184375 0.3883272058823529 0.026041666666666668 0.04503676470588235
0 0.0875 0.38924632352941174 0.028125 0.05974264705882353
0 0.04401041666666667 0.3327205882352941 0.0171875 0.042279411764705885
0 0.024479166666666666 0.4384191176470588 0.011458333333333333 0.04779411764705882
0 0.0765625 0.18933823529411764 0.017708333333333333 0.029411764705882353
0 0.9122395833333333 0.3759191176470588 0.0140625 0.025735294117647058