0 0.12161458333333333 0.42784926470588236 0.0171875 0.07261029411764706
0 0.21354166666666666 0.25045955882352944 0.017708333333333333 0.05974264705882353
0 0.3307291666666667 0.38878676470588236 0.020833333333333332 0.07169117647058823
0 0.44505208333333335 0.2568933823529412 0.0234375 0.06341911764705882
0 0.52109375 0.2766544117647059 0.0203125 0.08455882352941177
0 0.5408854166666667 0.27619485294117646 0.018229166666666668 0.06893382352941177
0 0.56171875 0.3166360294117647 0.0140625 0.06709558823529412
0 0.578125 0.3005514705882353 0.021875 0.1323529411764706
0 0.6416666666666667 0.2522977941176471 0.03125 0.078125
0 0.6018229166666667 0.39338235294117646 0.018229166666666668 0.06433823529411764
0 0.9216145833333333 0.45358455882352944 0.025520833333333333 0.07628676470588236
0 0.78515625 0.4756433823529412 0.0265625 0.07077205882352941
0 0.71875 0.5027573529411765 0.025 0.05698529411764706