0 0.04895833333333333 0.3014705882352941 0.021875 0.03860294117647059
0 0.07135416666666666 0.35018382352941174 0.014583333333333334 0.03676470588235294
0 0.09244791666666667 0.2035845588235294 0.0203125 0.06893382352941177
0 0.12578125 0.38005514705882354 0.019270833333333334 0.05606617647058824
0 0.13723958333333333 0.4319852941176471 0.0171875 0.07169117647058823
0 0.1765625 0.3359375 0.036458333333333336 0.04503676470588235
0 0.19713541666666667 0.3874080882352941 0.021354166666666667 0.043198529411764705
0 0.23411458333333332 0.38419117647058826 0.0171875 0.0661764705882353
0 0.25494791666666666 0.3929227941176471 0.0203125 0.06709558823529412
0 0.21328125 0.4420955882352941 0.0203125 0.06801470588235294
0 0.19583333333333333 0.43014705882352944 0.014583333333333334 0.042279411764705885
0 0.33307291666666666 0.48575367647058826 0.03177083333333333 0.12959558823529413
0 0.5020833333333333 0.5105698529411765 0.01875 0.06893382352941177
0 0.6046875 0.49080882352941174 0.014583333333333334 0.04044117647058824
0 0.6221354166666667 0.4990808823529412 0.019270833333333334 0.09926470588235294
0 0.5598958333333334 0.42463235294117646 0.016666666666666666 0.0625
0 0.7989583333333333 0.36443014705882354 0.01875 0.07077205882352941
0 0.7924479166666667 0.43795955882352944 0.030729166666666665 0.05974264705882353
0 0.82421875 0.46691176470588236 0.019270833333333334 0.06066176470588235
0 0.85390625 0.45496323529411764 0.021354166666666667 0.05514705882352941
0 0.70859375 0.32077205882352944 0.0234375 0.03308823529411765