0 0.9013020833333333 0.43474264705882354 0.0203125 0.04963235294117647
0 0.7643229166666666 0.36764705882352944 0.025520833333333333 0.05330882352941176
0 0.7049479166666667 0.38327205882352944 0.015104166666666667 0.05514705882352941
0 0.49635416666666665 0.3883272058823529 0.025 0.06341911764705882
0 0.4635416666666667 0.39568014705882354 0.023958333333333335 0.03768382352941176
0 0.45338541666666665 0.2881433823529412 0.019270833333333334 0.07261029411764706
0 0.43828125 0.3681066176470588 0.0203125 0.057904411764705885
0 0.4166666666666667 0.4103860294117647 0.017708333333333333 0.05974264705882353
0 0.005208333333333333 0.42830882352941174 0.008333333333333333 0.051470588235294115
0 0.02265625 0.46829044117647056 0.0140625 0.057904411764705885
0 0.1078125 0.49264705882352944 0.011458333333333333 0.0661764705882353
0 0.09609375 0.5091911764705882 0.013020833333333334 0.034926470588235295
0 0.9263020833333333 0.35294117647058826 0.0171875 0.04595588235294118