0 0.07526041666666666 0.3226102941176471 0.0203125 0.07169117647058823
0 0.10026041666666667 0.30744485294117646 0.0234375 0.05422794117647059
0 0.11015625 0.3630514705882353 0.0171875 0.05330882352941176
0 0.18385416666666668 0.27389705882352944 0.036458333333333336 0.08639705882352941
0 0.22005208333333334 0.2766544117647059 0.0234375 0.08088235294117647
0 0.234375 0.22564338235294118 0.017708333333333333 0.050551470588235295
0 0.24010416666666667 0.2890625 0.017708333333333333 0.057904411764705885
0 0.33619791666666665 0.2936580882352941 0.015104166666666667 0.03400735294117647
0 0.42239583333333336 0.33318014705882354 0.025 0.05238970588235294
0 0.43020833333333336 0.4875919117647059 0.01875 0.08915441176470588
0 0.46380208333333334 0.4724264705882353 0.0234375 0.07169117647058823
0 0.5015625 0.42003676470588236 0.022916666666666665 0.06801470588235294
0 0.54296875 0.35891544117647056 0.0390625 0.03768382352941176
0 0.63046875 0.5749080882352942 0.021354166666666667 0.078125
0 0.6520833333333333 0.5418198529411765 0.020833333333333332 0.05422794117647059
0 0.68984375 0.5284926470588235 0.022395833333333334 0.0900735294117647
0 0.6677083333333333 0.5367647058823529 0.022916666666666665 0.09375
0 0.74375 0.3818933823529412 0.020833333333333332 0.05422794117647059
0 0.7700520833333333 0.3102022058823529 0.021354166666666667 0.05238970588235294
0 0.7958333333333333 0.35340073529411764 0.021875 0.04136029411764706
0 0.8859375 0.4108455882352941 0.028125 0.05698529411764706
0 0.8341145833333333 0.48391544117647056 0.022395833333333334 0.04871323529411765
0 0.7794270833333333 0.4756433823529412 0.016145833333333335 0.043198529411764705
0 0.8104166666666667 0.5215992647058824 0.014583333333333334 0.04503676470588235