0 0.09791666666666667 0.23943014705882354 0.023958333333333335 0.035845588235294115
0 0.14270833333333333 0.24356617647058823 0.015625 0.02389705882352941
0 0.20651041666666667 0.22886029411764705 0.0140625 0.02022058823529412
0 0.2921875 0.27297794117647056 0.021875 0.08272058823529412
0 0.359375 0.34191176470588236 0.020833333333333332 0.0661764705882353
0 0.4015625 0.42003676470588236 0.028125 0.07536764705882353
0 0.4393229166666667 0.3506433823529412 0.009895833333333333 0.030330882352941176
0 0.5184895833333333 0.29503676470588236 0.0140625 0.03676470588235294
0 0.5606770833333333 0.31985294117647056 0.0203125 0.04411764705882353
0 0.5330729166666667 0.4273897058823529 0.028645833333333332 0.042279411764705885
0 0.5794270833333334 0.4007352941176471 0.018229166666666668 0.034926470588235295
0 0.6005208333333333 0.4117647058823529 0.026041666666666668 0.05330882352941176
0 0.6940104166666666 0.34237132352941174 0.03177083333333333 0.04871323529411765
0 0.61640625 0.2624080882352941 0.0140625 0.024816176470588234
0 0.7705729166666667 0.38143382352941174 0.0171875 0.06801470588235294
0 0.7169270833333333 0.3258272058823529 0.0109375 0.03400735294117647
0 0.8408854166666667 0.25 0.016145833333333335 0.034926470588235295
0 0.8588541666666667 0.36213235294117646 0.0125 0.04963235294117647
0 0.4153645833333333 0.20496323529411764 0.0171875 0.03125