0 0.8424479166666666 0.5997242647058824 0.011979166666666667 0.050551470588235295
0 0.659375 0.5482536764705882 0.029166666666666667 0.0744485294117647
0 0.609375 0.42830882352941174 0.021875 0.03860294117647059
0 0.5911458333333334 0.46875 0.020833333333333332 0.10845588235294118
0 0.4979166666666667 0.4485294117647059 0.030208333333333334 0.058823529411764705
0 0.40286458333333336 0.3929227941176471 0.0234375 0.05238970588235294
0 0.29713541666666665 0.42693014705882354 0.0359375 0.0818014705882353
0 0.22552083333333334 0.5560661764705882 0.020833333333333332 0.08272058823529412
0 0.20104166666666667 0.5496323529411765 0.030208333333333334 0.11764705882352941
0 0.12994791666666666 0.43612132352941174 0.024479166666666666 0.0818014705882353
0 0.07682291666666667 0.3561580882352941 0.021354166666666667 0.06893382352941177
0 0.6536458333333334 0.45266544117647056 0.01875 0.06525735294117647