0 0.90234375 0.45266544117647056 0.0203125 0.057904411764705885
0 0.81875 0.5634191176470589 0.01875 0.07352941176470588
0 0.8049479166666667 0.5284926470588235 0.016145833333333335 0.04411764705882353
0 0.69921875 0.5418198529411765 0.0484375 0.08731617647058823
0 0.6239583333333333 0.4365808823529412 0.021875 0.05698529411764706
0 0.6036458333333333 0.4724264705882353 0.026041666666666668 0.10294117647058823
0 0.5893229166666667 0.39200367647058826 0.025520833333333333 0.09466911764705882
0 0.5578125 0.42371323529411764 0.0375 0.09375
0 0.5221354166666666 0.4554227941176471 0.015104166666666667 0.06893382352941177
0 0.46822916666666664 0.4329044117647059 0.028125 0.08088235294117647
0 0.30755208333333334 0.3791360294117647 0.021354166666666667 0.05974264705882353
0 0.23619791666666667 0.39338235294117646 0.021354166666666667 0.05514705882352941
0 0.19921875 0.32674632352941174 0.033854166666666664 0.05606617647058824
0 0.08489583333333334 0.3947610294117647 0.020833333333333332 0.07996323529411764
0 0.9916666666666667 0.6222426470588235 0.014583333333333334 0.05698529411764706