0 0.9145833333333333 0.5027573529411765 0.023958333333333335 0.05698529411764706
0 0.9783854166666667 0.4797794117647059 0.019270833333333334 0.04595588235294118
0 0.8432291666666667 0.4508272058823529 0.023958333333333335 0.03768382352941176
0 0.74765625 0.4765625 0.024479166666666666 0.08547794117647059
0 0.68203125 0.6001838235294118 0.028645833333333332 0.08639705882352941
0 0.5221354166666666 0.4039522058823529 0.0234375 0.057904411764705885
0 0.40130208333333334 0.5174632352941176 0.0203125 0.08272058823529412
0 0.20416666666666666 0.4342830882352941 0.020833333333333332 0.08547794117647059
0 0.22291666666666668 0.40670955882352944 0.015625 0.050551470588235295
0 0.12135416666666667 0.4099264705882353 0.020833333333333332 0.06066176470588235
0 0.19427083333333334 0.3869485294117647 0.03125 0.07904411764705882