0 0.98828125 0.5477941176470589 0.021354166666666667 0.07720588235294118
0 0.9018229166666667 0.4462316176470588 0.033854166666666664 0.06893382352941177
0 0.9338541666666667 0.45450367647058826 0.028125 0.06525735294117647
0 0.7791666666666667 0.4397977941176471 0.019791666666666666 0.07261029411764706
0 0.6919270833333333 0.4094669117647059 0.025520833333333333 0.06525735294117647
0 0.62421875 0.4678308823529412 0.034895833333333334 0.15808823529411764
0 0.5817708333333333 0.34099264705882354 0.028125 0.06433823529411764
0 0.4703125 0.3616727941176471 0.015625 0.057904411764705885
0 0.44765625 0.4071691176470588 0.0296875 0.0900735294117647
0 0.37890625 0.4172794117647059 0.0328125 0.05330882352941176
0 0.3111979166666667 0.32077205882352944 0.03177083333333333 0.04963235294117647
0 0.2911458333333333 0.4420955882352941 0.027083333333333334 0.04779411764705882
0 0.19609375 0.26286764705882354 0.021354166666666667 0.05514705882352941