0 0.9713541666666666 0.5280330882352942 0.025 0.078125
0 0.9325520833333333 0.5625 0.027604166666666666 0.07352941176470588
0 0.8739583333333333 0.5206801470588235 0.017708333333333333 0.03952205882352941
0 0.8888020833333333 0.5647977941176471 0.016145833333333335 0.04136029411764706
0 0.7346354166666667 0.5772058823529411 0.0171875 0.04595588235294118
0 0.84765625 0.3975183823529412 0.0359375 0.04871323529411765
0 0.6119791666666666 0.4365808823529412 0.030208333333333334 0.07536764705882353
0 0.6520833333333333 0.42233455882352944 0.017708333333333333 0.04503676470588235
0 0.5010416666666667 0.40579044117647056 0.016666666666666666 0.03952205882352941
0 0.56640625 0.4039522058823529 0.016145833333333335 0.02665441176470588
0 0.4276041666666667 0.40670955882352944 0.019791666666666666 0.06525735294117647
0 0.396875 0.43106617647058826 0.03333333333333333 0.10845588235294118
0 0.2109375 0.44806985294117646 0.027083333333333334 0.07077205882352941
0 0.12708333333333333 0.3088235294117647 0.030208333333333334 0.0661764705882353
0 0.115625 0.45588235294117646 0.03125 0.05698529411764706