0 0.97265625 0.6580882352941176 0.011979166666666667 0.05698529411764706
0 0.9638020833333333 0.6590073529411765 0.011979166666666667 0.04595588235294118
0 0.83671875 0.6061580882352942 0.021354166666666667 0.06893382352941177
0 0.821875 0.5730698529411765 0.021875 0.07628676470588236
0 0.7653645833333333 0.5726102941176471 0.022395833333333334 0.03676470588235294
0 0.7666666666666667 0.44255514705882354 0.021875 0.05238970588235294
0 0.63359375 0.6194852941176471 0.028645833333333332 0.07904411764705882
0 0.6114583333333333 0.6295955882352942 0.025 0.03676470588235294
0 0.56875 0.6415441176470589 0.026041666666666668 0.08088235294117647
0 0.45729166666666665 0.7109375 0.029166666666666667 0.06341911764705882
0 0.365625 0.625 0.020833333333333332 0.06433823529411764
0 0.36666666666666664 0.6833639705882353 0.015625 0.050551470588235295
0 0.17916666666666667 0.46231617647058826 0.028125 0.08639705882352941
0 0.11536458333333334 0.5266544117647058 0.024479166666666666 0.0974264705882353
0 0.11223958333333334 0.4375 0.016145833333333335 0.05330882352941176