0 0.8809895833333333 0.3382352941176471 0.033854166666666664 0.08272058823529412
0 0.88359375 0.20955882352941177 0.0234375 0.03676470588235294
0 0.978125 0.43566176470588236 0.026041666666666668 0.058823529411764705
0 0.94296875 0.4264705882352941 0.021354166666666667 0.05514705882352941
0 0.8533854166666667 0.48253676470588236 0.027604166666666666 0.05698529411764706
0 0.6127604166666667 0.4600183823529412 0.021354166666666667 0.06525735294117647
0 0.7395833333333334 0.34329044117647056 0.017708333333333333 0.078125
0 0.4942708333333333 0.24448529411764705 0.027083333333333334 0.06801470588235294
0 0.12578125 0.38143382352941174 0.033854166666666664 0.08823529411764706
0 0.05390625 0.3327205882352941 0.024479166666666666 0.04779411764705882
0 0.17682291666666666 0.3322610294117647 0.022395833333333334 0.03768382352941176