0 0.8791666666666667 0.421875 0.017708333333333333 0.06433823529411764
0 0.8643229166666667 0.4609375 0.016145833333333335 0.05606617647058824
0 0.778125 0.30514705882352944 0.017708333333333333 0.06985294117647059
0 0.72109375 0.3014705882352941 0.0359375 0.0625
0 0.7307291666666667 0.5022977941176471 0.01875 0.06709558823529412
0 0.63984375 0.4273897058823529 0.0296875 0.0974264705882353
0 0.6216145833333333 0.5675551470588235 0.0296875 0.08547794117647059
0 0.684375 0.40487132352941174 0.028125 0.07628676470588236
0 0.5981770833333333 0.2711397058823529 0.03177083333333333 0.06801470588235294
0 0.4125 0.5735294117647058 0.022916666666666665 0.07536764705882353
0 0.3697916666666667 0.5064338235294118 0.022916666666666665 0.08088235294117647
0 0.21354166666666666 0.28952205882352944 0.01875 0.0625
0 0.10546875 0.31525735294117646 0.033854166666666664 0.04963235294117647
0 0.13776041666666666 0.35983455882352944 0.019270833333333334 0.05422794117647059