0 0.8296875 0.484375 0.052083333333333336 0.11213235294117647
0 0.6833333333333333 0.3584558823529412 0.027083333333333334 0.06433823529411764
0 0.61171875 0.4287683823529412 0.0359375 0.078125
0 0.5265625 0.23115808823529413 0.03125 0.06893382352941177
0 0.2234375 0.3883272058823529 0.05625 0.06341911764705882
0 0.16119791666666666 0.39659926470588236 0.027604166666666666 0.057904411764705885
0 0.4453125 0.46139705882352944 0.023958333333333335 0.05514705882352941
0 0.4796875 0.3929227941176471 0.025 0.046875
0 0.5111979166666667 0.359375 0.0265625 0.04963235294117647
0 0.18385416666666668 0.4696691176470588 0.027083333333333334 0.07720588235294118
0 0.9151041666666667 0.22886029411764705 0.017708333333333333 0.03125