0 0.6833333333333333 0.3786764705882353 0.058333333333333334 0.04963235294117647
0 0.5927083333333333 0.36856617647058826 0.03854166666666667 0.08455882352941177
0 0.6390625 0.5032169117647058 0.022916666666666665 0.0744485294117647
0 0.43671875 0.30514705882352944 0.0359375 0.04963235294117647
0 0.39453125 0.30606617647058826 0.0265625 0.07720588235294118
0 0.36302083333333335 0.3446691176470588 0.028125 0.05698529411764706
0 0.18098958333333334 0.28262867647058826 0.021354166666666667 0.07077205882352941
0 0.11119791666666666 0.33455882352941174 0.018229166666666668 0.04779411764705882
0 0.03567708333333333 0.43474264705882354 0.019270833333333334 0.08088235294117647
0 0.015885416666666666 0.4264705882352941 0.018229166666666668 0.04595588235294118
0 0.29921875 0.46047794117647056 0.03802083333333333 0.05698529411764706