0 0.7645833333333333 0.40900735294117646 0.013541666666666667 0.03676470588235294
0 0.7239583333333334 0.5059742647058824 0.01875 0.07261029411764706
0 0.6994791666666667 0.5215992647058824 0.020833333333333332 0.09099264705882353
0 0.6278645833333333 0.5597426470588235 0.04010416666666667 0.07536764705882353
0 0.6453125 0.39659926470588236 0.026041666666666668 0.05606617647058824
0 0.5716145833333334 0.4416360294117647 0.028645833333333332 0.0818014705882353
0 0.5283854166666667 0.32215073529411764 0.0234375 0.05422794117647059
0 0.46822916666666664 0.5188419117647058 0.025 0.10202205882352941
0 0.35911458333333335 0.37683823529411764 0.0296875 0.05514705882352941
0 0.24348958333333334 0.43014705882352944 0.033854166666666664 0.1213235294117647
0 0.17942708333333332 0.2977941176470588 0.0296875 0.07169117647058823
0 0.18958333333333333 0.42049632352941174 0.029166666666666667 0.08363970588235294
0 0.009635416666666667 0.46829044117647056 0.016145833333333335 0.07077205882352941