0 0.8127604166666667 0.5606617647058824 0.027604166666666666 0.0900735294117647
0 0.771875 0.5868566176470589 0.03958333333333333 0.07261029411764706
0 0.7588541666666667 0.4016544117647059 0.036458333333333336 0.08639705882352941
0 0.7947916666666667 0.39338235294117646 0.03333333333333333 0.08088235294117647
0 0.7088541666666667 0.38924632352941174 0.041666666666666664 0.109375
0 0.6520833333333333 0.2536764705882353 0.036458333333333336 0.11764705882352941
0 0.6416666666666667 0.17509191176470587 0.01875 0.03400735294117647
0 0.31953125 0.42141544117647056 0.027604166666666666 0.09650735294117647
0 0.24661458333333333 0.31433823529411764 0.058854166666666666 0.058823529411764705
0 0.06510416666666667 0.2766544117647059 0.030208333333333334 0.0974264705882353
0 0.018489583333333334 0.28308823529411764 0.0203125 0.07352941176470588