0 0.7783854166666667 0.5431985294117647 0.019270833333333334 0.058823529411764705
0 0.6875 0.36213235294117646 0.017708333333333333 0.04779411764705882
0 0.66640625 0.31847426470588236 0.015104166666666667 0.04503676470588235
0 0.6005208333333333 0.2835477941176471 0.016666666666666666 0.046875
0 0.5653645833333333 0.27297794117647056 0.0265625 0.03125
0 0.4739583333333333 0.30514705882352944 0.03333333333333333 0.08823529411764706
0 0.43463541666666666 0.22334558823529413 0.0484375 0.04044117647058824
0 0.48723958333333334 0.21507352941176472 0.024479166666666666 0.04595588235294118
0 0.2791666666666667 0.3570772058823529 0.03125 0.04503676470588235
0 0.14739583333333334 0.41360294117647056 0.026041666666666668 0.04044117647058824
0 0.059895833333333336 0.43566176470588236 0.021875 0.08455882352941177
0 0.02578125 0.24632352941176472 0.019270833333333334 0.05330882352941176
0 0.04739583333333333 0.27389705882352944 0.017708333333333333 0.0661764705882353