0 0.9096354166666667 0.41130514705882354 0.025520833333333333 0.05974264705882353
0 0.8661458333333333 0.39200367647058826 0.020833333333333332 0.06158088235294118
0 0.8205729166666667 0.42003676470588236 0.0234375 0.058823529411764705
0 0.7903645833333334 0.3056066176470588 0.0390625 0.08547794117647059
0 0.7677083333333333 0.4650735294117647 0.021875 0.058823529411764705
0 0.63828125 0.3212316176470588 0.0265625 0.05974264705882353
0 0.49244791666666665 0.4375 0.0203125 0.07169117647058823
0 0.36614583333333334 0.2182904411764706 0.027083333333333334 0.06158088235294118
0 0.05546875 0.3157169117647059 0.022395833333333334 0.03952205882352941
0 0.025 0.3805147058823529 0.014583333333333334 0.0625
0 0.008333333333333333 0.3630514705882353 0.014583333333333334 0.05698529411764706
0 0.7908854166666667 0.16727941176470587 0.025520833333333333 0.04779411764705882